100200
100100
100200
100100
100200
100100
100200
100100
100200
100100
100200
100300
100200
100300
100200
100300
100200
100300
100400
100300
100400
100300
100400
100300
100400
100300
100400
100300
100400
100300
100400
100300
100400
100300
100400
100300
100400
100300
100400
100300
100400
100300
100400
100300
100400
100300
100400
100500
100400
100500
100400
100500
100400
100500
100400
100500
100600
100500
100600
100500
100600
100500
100600
100500
100600
100500
100600
100700
100800
100700
100800
100700
100800
100700
100800
100700
100800
100700
100800
100700
100800
100700
